00011100000000010000000010100000
00011100000000100000000010100100
01000010001000110001100000000000
01000010001101000010000000000000
01000010010001010010100000000000
01000010010101100011000000000000
00011000000001100000000010101000
00010100000000000000000000001101
00000000000000000000000000001010
00000000000000000000000000000111
00000000000000000000000000000000
00000000000000000000000000000000
00000000000000000000000000000000
00000000000000000000000000000000
00000000000000000000000000000000
00000000000000000000000000000000
