--------------------
Cycle:1	128	LW R1, 160(R0)

Registers
R00:	0	10	0	0	0	0	0	0
R08:	0	0	0	0	0	0	0	0
R16:	0	0	0	0	0	0	0	0
R24:	0	0	0	0	0	0	0	0

Data
160:	10	7	0	0	0	0	0	0

--------------------
Cycle:2	132	LW R2, 164(R0)

Registers
R00:	0	10	7	0	0	0	0	0
R08:	0	0	0	0	0	0	0	0
R16:	0	0	0	0	0	0	0	0
R24:	0	0	0	0	0	0	0	0

Data
160:	10	7	0	0	0	0	0	0

--------------------
Cycle:3	136	AND R3, R1, R2

Registers
R00:	0	10	7	2	0	0	0	0
R08:	0	0	0	0	0	0	0	0
R16:	0	0	0	0	0	0	0	0
R24:	0	0	0	0	0	0	0	0

Data
160:	10	7	0	0	0	0	0	0

--------------------
Cycle:4	140	OR R4, R1, R3

Registers
R00:	0	10	7	2	10	0	0	0
R08:	0	0	0	0	0	0	0	0
R16:	0	0	0	0	0	0	0	0
R24:	0	0	0	0	0	0	0	0

Data
160:	10	7	0	0	0	0	0	0

--------------------
Cycle:5	144	XOR R5, R1, R4

Registers
R00:	0	10	7	2	10	0	0	0
R08:	0	0	0	0	0	0	0	0
R16:	0	0	0	0	0	0	0	0
R24:	0	0	0	0	0	0	0	0

Data
160:	10	7	0	0	0	0	0	0

--------------------
Cycle:6	148	NOR R6, R1, R5

Registers
R00:	0	10	7	2	10	0	-11	0
R08:	0	0	0	0	0	0	0	0
R16:	0	0	0	0	0	0	0	0
R24:	0	0	0	0	0	0	0	0

Data
160:	10	7	0	0	0	0	0	0

--------------------
Cycle:7	152	SW R6, 168(R0)

Registers
R00:	0	10	7	2	10	0	-11	0
R08:	0	0	0	0	0	0	0	0
R16:	0	0	0	0	0	0	0	0
R24:	0	0	0	0	0	0	0	0

Data
160:	10	7	-11	0	0	0	0	0

--------------------
Cycle:8	156	BREAK

Registers
R00:	0	10	7	2	10	0	-11	0
R08:	0	0	0	0	0	0	0	0
R16:	0	0	0	0	0	0	0	0
R24:	0	0	0	0	0	0	0	0

Data
160:	10	7	-11	0	0	0	0	0
