--------------------
Cycle:1	128	LW R1, 148(R0)

Registers
R00:	0	10	0	0	0	0	0	0
R08:	0	0	0	0	0	0	0	0
R16:	0	0	0	0	0	0	0	0
R24:	0	0	0	0	0	0	0	0

Data
148:	10	7	0	0	0	0	0	0

--------------------
Cycle:2	132	ANDI R3, R1, #331

Registers
R00:	0	10	0	10	0	0	0	0
R08:	0	0	0	0	0	0	0	0
R16:	0	0	0	0	0	0	0	0
R24:	0	0	0	0	0	0	0	0

Data
148:	10	7	0	0	0	0	0	0

--------------------
Cycle:3	136	ORI R4, R1, #331

Registers
R00:	0	10	0	10	331	0	0	0
R08:	0	0	0	0	0	0	0	0
R16:	0	0	0	0	0	0	0	0
R24:	0	0	0	0	0	0	0	0

Data
148:	10	7	0	0	0	0	0	0

--------------------
Cycle:4	140	XORI R5, R1, #331

Registers
R00:	0	10	0	10	331	321	0	0
R08:	0	0	0	0	0	0	0	0
R16:	0	0	0	0	0	0	0	0
R24:	0	0	0	0	0	0	0	0

Data
148:	10	7	0	0	0	0	0	0

--------------------
Cycle:5	144	BREAK

Registers
R00:	0	10	0	10	331	321	0	0
R08:	0	0	0	0	0	0	0	0
R16:	0	0	0	0	0	0	0	0
R24:	0	0	0	0	0	0	0	0

Data
148:	10	7	0	0	0	0	0	0
